3 0.04291044776119403 0.09672619047619048 0.0858209 0.19345239
7 0.03482587064676617 0.11458333333333333 0.06965174 0.22916667
3 0.03171641791044776 0.06398809523809523 0.063432835 0.1279762
6 0.05534825870646766 0.07142857142857142 0.11069652 0.14285715
3 0.014303482587064677 0.08035714285714286 0.028606964 0.16071428
3 0.01181592039800995 0.08928571428571429 0.023631841 0.17857143
3 0.009328358208955223 0.08779761904761904 0.018656716 0.17559524
3 0.021766169154228857 0.08035714285714286 0.043532338 0.16071428
3 0.021144278606965175 0.1056547619047619 0.042288557 0.21130952
4 0.024253731343283583 0.13690476190476192 0.048507463 0.27380952
3 0.01990049751243781 0.16517857142857142 0.039800994 0.33035713
1 0.03109452736318408 0.049107142857142856 0.062189054 0.09821428
3 0.03171641791044776 0.05654761904761905 0.063432835 0.11309524
1 0.029850746268656716 0.046130952380952384 0.05970149 0.0922619
