3 0.021766169154228857 0.07908163265306123 0.043532338 0.15816326
3 0.024253731343283583 0.10459183673469388 0.048507463 0.20918368
3 0.03233830845771144 0.18622448979591838 0.06467662 0.37244898
7 0.021766169154228857 0.14540816326530612 0.043532338 0.29081634
3 0.06654228855721393 0.21045918367346939 0.13308458 0.42091838
2 0.07276119402985075 0.10586734693877552 0.14552239 0.2117347
1 0.024875621890547265 0.05612244897959184 0.049751244 0.1122449
1 0.030472636815920398 0.044642857142857144 0.060945272 0.08928572
1 0.01554726368159204 0.05229591836734694 0.031094527 0.10459184
4 0.03109452736318408 0.09566326530612244 0.062189054 0.19132653
