1 0.010572139303482588 0.0763888888888889 0.021144278 0.15277778
4 0.05845771144278607 0.07777777777777778 0.11691542 0.15555556
3 0.03793532338308458 0.025 0.07587065 0.05
3 0.11131840796019901 0.07083333333333333 0.22263682 0.14166667
3 0.04788557213930348 0.03888888888888889 0.09577114 0.07777778
1 0.028606965174129355 0.04861111111111111 0.05721393 0.097222224
1 0.01181592039800995 0.07777777777777778 0.023631841 0.15555556
2 0.07835820895522388 0.05277777777777778 0.15671642 0.10555556
3 0.041044776119402986 0.02361111111111111 0.08208955 0.047222223
1 0.009950248756218905 0.06805555555555555 0.019900497 0.13611111
