1 0.034203980099502485 0.046296296296296294 0.06840796 0.09259259
1 0.013059701492537313 0.07407407407407407 0.026119404 0.14814815
3 0.043532338308457715 0.047839506172839504 0.087064676 0.095679015
3 0.07027363184079602 0.25308641975308643 0.14054726 0.50617284
8 0.033582089552238806 0.10185185185185185 0.06716418 0.2037037
1 0.027985074626865673 0.07253086419753087 0.05597015 0.14506173
3 0.10696517412935323 0.24228395061728394 0.21393035 0.4845679
8 0.04664179104477612 0.1095679012345679 0.09328358 0.2191358
1 0.01990049751243781 0.06481481481481481 0.039800994 0.12962963
3 0.04539800995024876 0.14660493827160495 0.09079602 0.29320988
1 0.033582089552238806 0.038580246913580245 0.06716418 0.07716049
1 0.021144278606965175 0.07098765432098765 0.042288557 0.14197531
