7 0.020522388059701493 0.08296460176991151 0.041044775 0.1659292
3 0.05534825870646766 0.06637168141592921 0.11069652 0.13274336
1 0.012437810945273632 0.05530973451327434 0.024875622 0.11061947
3 0.03233830845771144 0.030973451327433628 0.06467662 0.061946902
10 0.02736318407960199 0.034292035398230086 0.05472637 0.06858407
1 0.009950248756218905 0.0586283185840708 0.019900497 0.117256634
7 0.06716417910447761 0.06858407079646017 0.13432837 0.13716814
1 0.03296019900497513 0.011061946902654867 0.0659204 0.022123894
1 0.03482587064676617 0.012168141592920354 0.06965174 0.024336284
3 0.041666666666666664 0.051991150442477874 0.083333336 0.1039823
3 0.11007462686567164 0.07190265486725664 0.22014925 0.14380531
