3 0.029850746268656716 0.10445205479452055 0.05970149 0.2089041
3 0.08333333333333333 0.0547945205479452 0.16666667 0.10958904
1 0.024253731343283583 0.07705479452054795 0.048507463 0.15410958
1 0.033582089552238806 0.06335616438356165 0.06716418 0.12671232
7 0.03109452736318408 0.2363013698630137 0.062189054 0.47260273
3 0.022388059701492536 0.07363013698630137 0.04477612 0.14726028
1 0.013681592039800995 0.06335616438356165 0.027363185 0.12671232
7 0.06778606965174129 0.10616438356164383 0.13557214 0.21232876
6 0.03296019900497513 0.08904109589041095 0.0659204 0.1780822
3 0.10323383084577115 0.1695205479452055 0.20646766 0.33904108
3 0.055970149253731345 0.0976027397260274 0.1119403 0.19520548
