2 0.07960199004975124 0.0684931506849315 0.15920398 0.1369863
3 0.0708955223880597 0.07705479452054795 0.14179105 0.15410958
3 0.026741293532338308 0.017123287671232876 0.05348259 0.034246575
3 0.043532338308457715 0.02226027397260274 0.087064676 0.04452055
4 0.05534825870646766 0.0702054794520548 0.11069652 0.14041096
1 0.011194029850746268 0.08904109589041095 0.02238806 0.1780822
3 0.03855721393034826 0.06506849315068493 0.077114426 0.13013698
1 0.03109452736318408 0.05136986301369863 0.062189054 0.10273973
7 0.11131840796019901 0.09246575342465753 0.22263682 0.1849315
3 0.04975124378109453 0.04452054794520548 0.09950249 0.0890411
3 0.041666666666666664 0.03595890410958904 0.083333336 0.07191781
