1 0.023096129837702872 0.06046511627906977 0.04619226 0.12093023
8 0.033707865168539325 0.1127906976744186 0.06741573 0.2255814
1 0.017478152309612985 0.044186046511627906 0.034956306 0.0883721
3 0.07428214731585518 0.04302325581395349 0.1485643 0.08604651
3 0.11922596754057428 0.12209302325581395 0.23845193 0.24418604
3 0.02122347066167291 0.07325581395348837 0.04244694 0.14651163
3 0.046192259675405745 0.044186046511627906 0.09238452 0.0883721
8 0.052434456928838954 0.0686046511627907 0.10486891 0.1372093
3 0.10923845193508115 0.06627906976744186 0.2184769 0.13255814
1 0.033083645443196 0.03604651162790698 0.06616729 0.072093025
1 0.04681647940074907 0.0755813953488372 0.09363296 0.15116279
3 0.11610486891385768 0.08139534883720931 0.23220974 0.1627907
1 0.033083645443196 0.03372093023255814 0.06616729 0.06744186
