3 0.013681592039800995 0.09065934065934066 0.027363185 0.18131869
4 0.028606965174129355 0.12774725274725274 0.05721393 0.2554945
3 0.08395522388059702 0.10576923076923077 0.16791044 0.21153846
1 0.013059701492537313 0.08104395604395605 0.026119404 0.16208792
3 0.03669154228855721 0.059065934065934064 0.073383085 0.11813187
3 0.04228855721393035 0.17994505494505494 0.08457711 0.3598901
3 0.03793532338308458 0.04807692307692308 0.07587065 0.09615385
3 0.01990049751243781 0.07692307692307693 0.039800994 0.15384616
2 0.05721393034825871 0.24175824175824176 0.11442786 0.48351648
3 0.04975124378109453 0.04120879120879121 0.09950249 0.082417585
3 0.03296019900497513 0.054945054945054944 0.0659204 0.10989011
3 0.05721393034825871 0.06868131868131869 0.11442786 0.13736264
