10 0.01990049751243781 0.06382978723404255 0.039800994 0.12765957
1 0.01181592039800995 0.07313829787234043 0.023631841 0.1462766
3 0.02736318407960199 0.07047872340425532 0.05472637 0.14095744
1 0.03109452736318408 0.02925531914893617 0.062189054 0.05851064
1 0.026741293532338308 0.0425531914893617 0.05348259 0.08510638
4 0.0472636815920398 0.09308510638297872 0.094527364 0.1861702
4 0.05845771144278607 0.07047872340425532 0.11691542 0.14095744
3 0.03980099502487562 0.031914893617021274 0.07960199 0.06382979
2 0.08830845771144279 0.10372340425531915 0.17661692 0.20744681
1 0.00808457711442786 0.07180851063829788 0.016169155 0.14361702
