1 0.027985074626865673 0.02443609022556391 0.05597015 0.04887218
1 0.03171641791044776 0.021616541353383457 0.063432835 0.04323308
1 0.026741293532338308 0.022556390977443608 0.05348259 0.04511278
8 0.04975124378109453 0.05169172932330827 0.09950249 0.10338346
3 0.03731343283582089 0.03383458646616541 0.07462686 0.067669176
3 0.03296019900497513 0.04981203007518797 0.0659204 0.09962406
1 0.018034825870646767 0.04981203007518797 0.03606965 0.09962406
3 0.03793532338308458 0.05733082706766917 0.07587065 0.11466166
1 0.025497512437810944 0.02725563909774436 0.050995026 0.05451128
1 0.03171641791044776 0.02443609022556391 0.063432835 0.04887218
8 0.055970149253731345 0.07894736842105263 0.1119403 0.15789473
