3 0.013059701492537313 0.07625 0.026119404 0.1525
3 0.03855721393034826 0.06 0.077114426 0.12
1 0.024253731343283583 0.06 0.048507463 0.12
1 0.013681592039800995 0.07375 0.027363185 0.1475
2 0.08582089552238806 0.115 0.1716418 0.23
3 0.018656716417910446 0.09 0.03731343 0.18
1 0.03296019900497513 0.02 0.0659204 0.04
3 0.013681592039800995 0.15 0.027363185 0.3
3 0.03731343283582089 0.04625 0.07462686 0.0925
3 0.01990049751243781 0.08375 0.039800994 0.1675
4 0.05286069651741294 0.03625 0.10572139 0.0725
