1 0.013108614232209739 0.08160237388724036 0.026217228 0.16320474
3 0.03932584269662921 0.04302670623145401 0.07865169 0.086053416
3 0.041822721598002495 0.09347181008902077 0.08364544 0.18694362
1 0.02746566791510612 0.05934718100890208 0.054931335 0.118694365
1 0.026841448189762796 0.05192878338278932 0.053682897 0.10385757
1 0.03433208489388265 0.03412462908011869 0.06866417 0.068249255
2 0.05181023720349563 0.258160237388724 0.10362048 0.51632047
6 0.03245942571785269 0.13056379821958458 0.06491885 0.2611276
4 0.023096129837702872 0.1632047477744807 0.04619226 0.3264095
3 0.04057428214731586 0.04154302670623145 0.081148565 0.08308605
3 0.04057428214731586 0.032640949554896145 0.081148565 0.0652819
