3 0.04975124378109453 0.03260869565217391 0.09950249 0.06521739
3 0.01554726368159204 0.057608695652173914 0.031094527 0.11521739
3 0.021766169154228857 0.06739130434782609 0.043532338 0.13478261
3 0.029228855721393034 0.06956521739130435 0.05845771 0.13913043
3 0.08084577114427861 0.01847826086956522 0.16169155 0.036956523
7 0.03731343283582089 0.14782608695652175 0.07462686 0.29565218
4 0.046019900497512436 0.08260869565217391 0.0920398 0.16521738
1 0.03296019900497513 0.02826086956521739 0.0659204 0.05652174
1 0.029228855721393034 0.025 0.05845771 0.05
1 0.029850746268656716 0.01956521739130435 0.05970149 0.039130434
1 0.030472636815920398 0.013043478260869565 0.060945272 0.026086956
1 0.028606965174129355 0.03260869565217391 0.05721393 0.06521739
