3 0.029228855721393034 0.09056122448979592 0.05845771 0.18112245
3 0.03171641791044776 0.14795918367346939 0.063432835 0.29591838
4 0.03109452736318408 0.11096938775510204 0.062189054 0.22193877
7 0.04291044776119403 0.125 0.0858209 0.25
3 0.03171641791044776 0.05102040816326531 0.063432835 0.10204082
3 0.01554726368159204 0.030612244897959183 0.031094527 0.06122449
1 0.01927860696517413 0.06377551020408163 0.038557213 0.12755102
1 0.01616915422885572 0.0548469387755102 0.03233831 0.10969388
1 0.03233830845771144 0.03188775510204082 0.06467662 0.06377551
1 0.029228855721393034 0.06377551020408163 0.05845771 0.12755102
1 0.034203980099502485 0.047193877551020405 0.06840796 0.094387755
