7 0.01616915422885572 0.153125 0.03233831 0.30625
1 0.034203980099502485 0.0453125 0.06840796 0.090625
3 0.01927860696517413 0.109375 0.038557213 0.21875
3 0.024253731343283583 0.115625 0.048507463 0.23125
1 0.01554726368159204 0.0765625 0.031094527 0.153125
7 0.028606965174129355 0.1625 0.05721393 0.325
3 0.01927860696517413 0.1015625 0.038557213 0.203125
3 0.028606965174129355 0.15 0.05721393 0.3
1 0.03544776119402985 0.034375 0.07089552 0.06875
2 0.046019900497512436 0.2265625 0.0920398 0.453125
3 0.023009950248756218 0.125 0.0460199 0.25
3 0.010572139303482588 0.103125 0.021144278 0.20625
1 0.014303482587064677 0.084375 0.028606964 0.16875
1 0.03233830845771144 0.046875 0.06467662 0.09375
