4 0.055970149253731345 0.0405982905982906 0.1119403 0.081196584
3 0.03171641791044776 0.024572649572649572 0.063432835 0.0491453
2 0.04664179104477612 0.15918803418803418 0.09328358 0.31837606
3 0.03296019900497513 0.028846153846153848 0.0659204 0.057692308
3 0.060945273631840796 0.05876068376068376 0.121890545 0.11752137
3 0.036069651741293535 0.030982905982905984 0.0721393 0.061965812
1 0.016791044776119403 0.05555555555555555 0.03358209 0.11111111
3 0.0708955223880597 0.17414529914529914 0.14179105 0.3482906
7 0.03917910447761194 0.10683760683760683 0.07835821 0.21367522
4 0.06032338308457712 0.07905982905982906 0.12064677 0.15811966
6 0.029850746268656716 0.09188034188034189 0.05970149 0.18376069
3 0.021766169154228857 0.05876068376068376 0.043532338 0.11752137
