4 0.024875621890547265 0.11071428571428571 0.049751244 0.22142857
3 0.0236318407960199 0.08214285714285714 0.047263682 0.16428572
1 0.029228855721393034 0.04285714285714286 0.05845771 0.08571429
4 0.054104477611940295 0.07380952380952381 0.108208954 0.14761905
1 0.01990049751243781 0.05119047619047619 0.039800994 0.102380954
6 0.04291044776119403 0.08928571428571429 0.0858209 0.17857143
3 0.026741293532338308 0.06904761904761905 0.05348259 0.13809524
2 0.08084577114427861 0.13452380952380952 0.16169155 0.26904762
2 0.036069651741293535 0.14761904761904762 0.0721393 0.2952381
4 0.03544776119402985 0.10714285714285714 0.07089552 0.21428572
