7 0.05783582089552239 0.1015625 0.11567164 0.203125
1 0.033582089552238806 0.0546875 0.06716418 0.109375
3 0.016791044776119403 0.1640625 0.03358209 0.328125
3 0.021144278606965175 0.08203125 0.042288557 0.1640625
1 0.013681592039800995 0.06640625 0.027363185 0.1328125
6 0.056592039800995024 0.0625 0.11318408 0.125
3 0.01181592039800995 0.07552083333333333 0.023631841 0.15104167
3 0.00808457711442786 0.07942708333333333 0.016169155 0.15885417
3 0.011194029850746268 0.08203125 0.02238806 0.1640625
4 0.021766169154228857 0.109375 0.043532338 0.21875
3 0.01927860696517413 0.07421875 0.038557213 0.1484375
3 0.013059701492537313 0.08203125 0.026119404 0.1640625
3 0.023009950248756218 0.14192708333333334 0.0460199 0.28385416
