1 0.028606965174129355 0.056338028169014086 0.05721393 0.112676054
1 0.026119402985074626 0.0528169014084507 0.052238807 0.1056338
1 0.01990049751243781 0.08450704225352113 0.039800994 0.16901408
1 0.029850746268656716 0.05457746478873239 0.05970149 0.10915493
3 0.03855721393034826 0.0880281690140845 0.077114426 0.17605634
3 0.03296019900497513 0.06690140845070422 0.0659204 0.13380282
4 0.053482587064676616 0.09859154929577464 0.10696518 0.1971831
2 0.08644278606965174 0.13908450704225353 0.17288557 0.278169
4 0.05472636815920398 0.07746478873239436 0.10945274 0.15492958
1 0.03109452736318408 0.02640845070422535 0.062189054 0.0528169
1 0.03109452736318408 0.035211267605633804 0.062189054 0.07042254
10 0.0236318407960199 0.056338028169014086 0.047263682 0.112676054
3 0.0236318407960199 0.06690140845070422 0.047263682 0.13380282
3 0.04042288557213931 0.12852112676056338 0.08084577 0.25704226
