1 0.03296019900497513 0.01478494623655914 0.0659204 0.029569892
3 0.07524875621890548 0.06317204301075269 0.15049751 0.12634408
4 0.024253731343283583 0.125 0.048507463 0.25
1 0.017412935323383085 0.06854838709677419 0.03482587 0.13709678
7 0.048507462686567165 0.1303763440860215 0.09701493 0.26075268
1 0.03109452736318408 0.03763440860215054 0.062189054 0.07526882
1 0.030472636815920398 0.021505376344086023 0.060945272 0.043010753
7 0.0472636815920398 0.13172043010752688 0.094527364 0.26344085
3 0.01927860696517413 0.10080645161290322 0.038557213 0.2016129
3 0.053482587064676616 0.1196236559139785 0.10696518 0.2392473
