6 0.03296019900497513 0.0983009708737864 0.0659204 0.19660194
2 0.10758706467661691 0.10436893203883495 0.21517412 0.20873787
3 0.03917910447761194 0.01820388349514563 0.07835821 0.03640777
3 0.06965174129353234 0.023058252427184466 0.13930348 0.046116505
1 0.027985074626865673 0.05461165048543689 0.05597015 0.1092233
4 0.07338308457711443 0.06432038834951456 0.14676617 0.12864077
3 0.036069651741293535 0.05461165048543689 0.0721393 0.1092233
7 0.07027363184079602 0.09951456310679611 0.14054726 0.19902913
3 0.03917910447761194 0.04611650485436893 0.07835821 0.09223301
3 0.036069651741293535 0.02669902912621359 0.0721393 0.053398058
3 0.07462686567164178 0.025485436893203883 0.14925373 0.050970875
