3 0.03233830845771144 0.31716417910447764 0.06467662 0.63432837
7 0.029228855721393034 0.20149253731343283 0.05845771 0.40298507
6 0.04228855721393035 0.15485074626865672 0.08457711 0.3097015
4 0.03109452736318408 0.21455223880597016 0.062189054 0.42910448
3 0.009950248756218905 0.12126865671641791 0.019900497 0.24253732
3 0.012437810945273632 0.11753731343283583 0.024875622 0.23507462
2 0.03855721393034826 0.22014925373134328 0.077114426 0.4402985
3 0.017412935323383085 0.1623134328358209 0.03482587 0.32462686
1 0.03296019900497513 0.024253731343283583 0.0659204 0.048507463
3 0.00808457711442786 0.12686567164179105 0.016169155 0.25373134
3 0.006840796019900498 0.11007462686567164 0.013681592 0.22014925
3 0.009950248756218905 0.125 0.019900497 0.25
