3 0.01181592039800995 0.105 0.023631841 0.21
3 0.01616915422885572 0.10666666666666667 0.03233831 0.21333334
3 0.016791044776119403 0.12166666666666667 0.03358209 0.24333334
2 0.034203980099502485 0.20666666666666667 0.06840796 0.41333333
1 0.03482587064676617 0.02666666666666667 0.06965174 0.053333335
1 0.033582089552238806 0.06 0.06716418 0.12
1 0.011194029850746268 0.07833333333333334 0.02238806 0.15666667
3 0.014925373134328358 0.11166666666666666 0.029850746 0.22333333
3 0.006840796019900498 0.09333333333333334 0.013681592 0.18666667
3 0.01554726368159204 0.10333333333333333 0.031094527 0.20666666
1 0.03109452736318408 0.04666666666666667 0.062189054 0.093333334
3 0.03669154228855721 0.055 0.073383085 0.11
1 0.03109452736318408 0.043333333333333335 0.062189054 0.086666666
3 0.03482587064676617 0.1 0.06965174 0.2
3 0.03793532338308458 0.13166666666666665 0.07587065 0.26333332
4 0.03544776119402985 0.14333333333333334 0.07089552 0.28666666
