7 0.04042288557213931 0.17567567567567569 0.08084577 0.35135135
4 0.029228855721393034 0.16722972972972974 0.05845771 0.33445945
6 0.0236318407960199 0.15033783783783783 0.047263682 0.3006757
3 0.03544776119402985 0.30236486486486486 0.07089552 0.6047297
1 0.013681592039800995 0.08277027027027027 0.027363185 0.16554055
3 0.014303482587064677 0.11148648648648649 0.028606964 0.22297297
1 0.014303482587064677 0.0945945945945946 0.028606964 0.1891892
1 0.009328358208955223 0.08783783783783784 0.018656716 0.17567568
6 0.01554726368159204 0.14864864864864866 0.031094527 0.2972973
1 0.03482587064676617 0.03885135135135135 0.06965174 0.0777027
3 0.013059701492537313 0.11486486486486487 0.026119404 0.22972973
3 0.041666666666666664 0.018581081081081082 0.083333336 0.037162162
1 0.03233830845771144 0.02027027027027027 0.06467662 0.04054054
3 0.013059701492537313 0.09966216216216216 0.026119404 0.19932432
3 0.021144278606965175 0.18243243243243243 0.042288557 0.36486486
2 0.03980099502487562 0.2956081081081081 0.07960199 0.5912162
