3 0.03932584269662921 0.02710027100271003 0.07865169 0.05420054
6 0.05493133583021224 0.05962059620596206 0.10986267 0.11924119
7 0.04307116104868914 0.13685636856368563 0.086142324 0.27371272
3 0.02933832709113608 0.07723577235772358 0.058676653 0.15447155
3 0.02871410736579276 0.05013550135501355 0.057428215 0.100271
3 0.01435705368289638 0.08807588075880758 0.028714107 0.17615177
3 0.06367041198501873 0.058265582655826556 0.12734082 0.11653116
3 0.009363295880149813 0.08265582655826559 0.018726591 0.16531165
3 0.0599250936329588 0.15311653116531165 0.11985019 0.30623305
4 0.0568039950062422 0.06504065040650407 0.11360799 0.1300813
4 0.05368289637952559 0.06504065040650407 0.107365794 0.1300813
7 0.03682896379525593 0.0921409214092141 0.07365793 0.18428184
3 0.04244694132334582 0.05962059620596206 0.08489388 0.11924119
1 0.033707865168539325 0.051490514905149054 0.06741573 0.10298103
1 0.03245942571785269 0.04742547425474255 0.06491885 0.09485095
1 0.015605493133583021 0.06368563685636856 0.031210987 0.12737127
3 0.09363295880149813 0.04742547425474255 0.18726592 0.09485095
3 0.04556803995006242 0.04200542005420054 0.09113608 0.08401084
3 0.05118601747815231 0.04742547425474255 0.102372035 0.09485095
1 0.03245942571785269 0.02981029810298103 0.06491885 0.059620596
1 0.024344569288389514 0.04065040650406504 0.04868914 0.08130081
1 0.035580524344569285 0.032520325203252036 0.07116105 0.06504065
