2 0.05286069651741294 0.11684782608695653 0.10572139 0.23369566
2 0.041044776119402986 0.10461956521739131 0.08208955 0.20923913
10 0.026741293532338308 0.057065217391304345 0.05348259 0.11413044
10 0.029228855721393034 0.059782608695652176 0.05845771 0.11956522
6 0.05099502487562189 0.07608695652173914 0.10199005 0.1521739
6 0.024875621890547265 0.10869565217391304 0.049751244 0.2173913
2 0.08893034825870647 0.11684782608695653 0.17786069 0.23369566
10 0.033582089552238806 0.04619565217391304 0.06716418 0.092391305
10 0.021144278606965175 0.0625 0.042288557 0.125
10 0.018656716417910446 0.06114130434782609 0.03731343 0.12228261
