2 0.043532338308457715 0.125 0.087064676 0.25
10 0.025497512437810944 0.05859375 0.050995026 0.1171875
2 0.03109452736318408 0.1015625 0.062189054 0.203125
6 0.03544776119402985 0.11197916666666667 0.07089552 0.22395833
10 0.026741293532338308 0.03125 0.05348259 0.0625
6 0.05286069651741294 0.049479166666666664 0.10572139 0.098958336
10 0.030472636815920398 0.028645833333333332 0.060945272 0.057291668
10 0.029228855721393034 0.028645833333333332 0.05845771 0.057291668
2 0.09266169154228855 0.052083333333333336 0.18532339 0.104166664
2 0.03171641791044776 0.11458333333333333 0.063432835 0.22916667
6 0.05161691542288557 0.09895833333333333 0.10323383 0.19791667
2 0.06218905472636816 0.07942708333333333 0.12437811 0.15885417
10 0.01616915422885572 0.07421875 0.03233831 0.1484375
10 0.024253731343283583 0.055989583333333336 0.048507463 0.111979164
