3 0.03855721393034826 0.02570093457943925 0.077114426 0.05140187
1 0.0236318407960199 0.035046728971962614 0.047263682 0.07009346
1 0.02736318407960199 0.02453271028037383 0.05472637 0.049065422
4 0.07276119402985075 0.07827102803738317 0.14552239 0.15654206
3 0.041044776119402986 0.02570093457943925 0.08208955 0.05140187
1 0.014303482587064677 0.06425233644859812 0.028606964 0.12850468
2 0.10883084577114428 0.08294392523364486 0.2176617 0.16588785
6 0.0236318407960199 0.11448598130841121 0.047263682 0.22897196
3 0.061567164179104475 0.0911214953271028 0.12313433 0.18224299
3 0.049129353233830844 0.04322429906542056 0.098258704 0.086448595
1 0.006218905472636816 0.052570093457943924 0.012437811 0.10514019
