3 0.029850746268656716 0.06447368421052632 0.05970149 0.12894736
2 0.04228855721393035 0.11052631578947368 0.08457711 0.22105263
4 0.06281094527363185 0.06842105263157895 0.12562189 0.1368421
6 0.04975124378109453 0.10263157894736842 0.09950249 0.20526315
1 0.03233830845771144 0.05394736842105263 0.06467662 0.10789473
1 0.026119402985074626 0.04342105263157895 0.052238807 0.086842105
7 0.05783582089552239 0.09868421052631579 0.11567164 0.19736843
3 0.03731343283582089 0.04342105263157895 0.07462686 0.086842105
6 0.05161691542288557 0.10394736842105264 0.10323383 0.20789474
3 0.05783582089552239 0.07236842105263158 0.11567164 0.14473684
3 0.034203980099502485 0.056578947368421055 0.06840796 0.1131579
