3 0.023096129837702872 0.07903225806451612 0.04619226 0.15806451
3 0.07553058676654183 0.02903225806451613 0.15106118 0.058064517
1 0.019350811485642945 0.07258064516129033 0.038701624 0.14516129
1 0.019350811485642945 0.06451612903225806 0.038701624 0.12903225
1 0.0299625468164794 0.06612903225806452 0.059925094 0.13225806
3 0.033707865168539325 0.06451612903225806 0.06741573 0.12903225
3 0.012484394506866416 0.1 0.02496879 0.2
4 0.024344569288389514 0.17903225806451614 0.04868914 0.3580645
4 0.03058676654182272 0.041935483870967745 0.061173532 0.08387097
2 0.04556803995006242 0.27741935483870966 0.09113608 0.5548387
