6 0.02746566791510612 0.12536023054755044 0.054931335 0.25072047
7 0.025593008739076155 0.14121037463976946 0.051186018 0.28242075
3 0.018726591760299626 0.09221902017291066 0.037453182 0.18443803
3 0.011860174781523096 0.15273775216138327 0.02372035 0.3054755
1 0.009987515605493134 0.07204610951008646 0.01997503 0.14409222
3 0.01373283395755306 0.1037463976945245 0.027465668 0.2074928
4 0.018726591760299626 0.13688760806916425 0.037453182 0.27377522
2 0.0299625468164794 0.2132564841498559 0.059925094 0.42651296
1 0.033707865168539325 0.01729106628242075 0.06741573 0.034582134
3 0.01435705368289638 0.11095100864553314 0.028714107 0.22190201
4 0.02871410736579276 0.1282420749279539 0.057428215 0.25648415
1 0.023096129837702872 0.07780979827089338 0.04619226 0.15561959
