3 0.010572139303482588 0.08096590909090909 0.021144278 0.16193181
3 0.03482587064676617 0.06960227272727272 0.06965174 0.13920455
3 0.01181592039800995 0.08238636363636363 0.023631841 0.16477273
3 0.01554726368159204 0.08806818181818182 0.031094527 0.17613636
3 0.01554726368159204 0.08522727272727272 0.031094527 0.17045455
3 0.03482587064676617 0.11931818181818182 0.06965174 0.23863636
2 0.03669154228855721 0.17613636363636365 0.073383085 0.35227272
3 0.012437810945273632 0.09232954545454546 0.024875622 0.1846591
3 0.008706467661691543 0.08806818181818182 0.017412934 0.17613636
1 0.03296019900497513 0.032670454545454544 0.0659204 0.06534091
1 0.03109452736318408 0.03409090909090909 0.062189054 0.06818182
7 0.053482587064676616 0.13068181818181818 0.10696518 0.26136363
3 0.09639303482587065 0.09659090909090909 0.19278607 0.19318181
4 0.06654228855721393 0.06392045454545454 0.13308458 0.1278409
