8 0.03917910447761194 0.1196236559139785 0.07835821 0.2392473
3 0.029228855721393034 0.07661290322580645 0.05845771 0.15322581
1 0.025497512437810944 0.05241935483870968 0.050995026 0.10483871
1 0.012437810945273632 0.0739247311827957 0.024875622 0.14784946
1 0.01990049751243781 0.06317204301075269 0.039800994 0.12634408
3 0.04228855721393035 0.03225806451612903 0.08457711 0.06451613
3 0.10883084577114428 0.20026881720430106 0.2176617 0.40053764
3 0.04042288557213931 0.06586021505376344 0.08084577 0.13172042
3 0.06343283582089553 0.20026881720430106 0.12686567 0.40053764
1 0.029850746268656716 0.06317204301075269 0.05970149 0.12634408
3 0.054104477611940295 0.12365591397849462 0.108208954 0.24731183
