7 0.036069651741293535 0.15981012658227847 0.0721393 0.31962025
3 0.008706467661691543 0.0981012658227848 0.017412934 0.19620253
6 0.03669154228855721 0.13449367088607594 0.073383085 0.26898733
3 0.03917910447761194 0.28164556962025317 0.07835821 0.56329113
3 0.013059701492537313 0.08386075949367089 0.026119404 0.16772152
1 0.010572139303482588 0.08544303797468354 0.021144278 0.17088607
2 0.03109452736318408 0.28164556962025317 0.062189054 0.56329113
3 0.027985074626865673 0.060126582278481014 0.05597015 0.12025317
4 0.05783582089552239 0.06645569620253164 0.11567164 0.1329114
3 0.03731343283582089 0.04588607594936709 0.07462686 0.091772154
1 0.029228855721393034 0.02689873417721519 0.05845771 0.05379747
