1 0.06929347826086957 0.05229591836734694 0.13858695 0.10459184
3 0.04483695652173913 0.04336734693877551 0.089673914 0.0867347
3 0.16304347826086957 0.21428571428571427 0.32608697 0.42857143
3 0.12092391304347826 0.11352040816326531 0.24184783 0.22704081
8 0.10733695652173914 0.08801020408163265 0.2146739 0.17602041
1 0.04076086956521739 0.0548469387755102 0.08152174 0.10969388
1 0.057065217391304345 0.0625 0.11413044 0.125
1 0.04483695652173913 0.05739795918367347 0.089673914 0.114795916
1 0.02717391304347826 0.016581632653061226 0.054347824 0.033163264
3 0.09782608695652174 0.08418367346938775 0.19565217 0.16836734
