3 0.01927860696517413 0.04861111111111111 0.038557213 0.097222224
3 0.01990049751243781 0.05555555555555555 0.039800994 0.11111111
3 0.07276119402985075 0.02546296296296296 0.14552239 0.050925925
7 0.05970149253731343 0.07407407407407407 0.11940298 0.14814815
3 0.10696517412935323 0.10300925925925926 0.21393035 0.20601852
4 0.06592039800995025 0.08333333333333333 0.1318408 0.16666667
3 0.049129353233830844 0.02662037037037037 0.098258704 0.053240743
3 0.03917910447761194 0.024305555555555556 0.07835821 0.048611112
3 0.08893034825870647 0.06712962962962964 0.17786069 0.13425925
2 0.07773631840796019 0.05092592592592592 0.15547264 0.10185185
