2 0.024253731343283583 0.2517605633802817 0.048507463 0.50352114
1 0.014925373134328358 0.051056338028169015 0.029850746 0.10211267
3 0.011194029850746268 0.21654929577464788 0.02238806 0.43309858
3 0.010572139303482588 0.125 0.021144278 0.25
3 0.013059701492537313 0.11267605633802817 0.026119404 0.22535211
1 0.007462686567164179 0.09154929577464789 0.014925373 0.18309858
1 0.034203980099502485 0.040492957746478875 0.06840796 0.08098592
4 0.03980099502487562 0.18661971830985916 0.07960199 0.37323943
1 0.018656716417910446 0.07394366197183098 0.03731343 0.14788732
3 0.03296019900497513 0.11795774647887323 0.0659204 0.2359155
1 0.009328358208955223 0.07746478873239436 0.018656716 0.15492958
4 0.04788557213930348 0.1056338028169014 0.09577114 0.2112676
3 0.05472636815920398 0.15140845070422534 0.10945274 0.3028169
3 0.014303482587064677 0.11443661971830986 0.028606964 0.22887324
1 0.008706467661691543 0.09683098591549295 0.017412934 0.19366197
1 0.011194029850746268 0.09683098591549295 0.02238806 0.19366197
