4 0.06778606965174129 0.07254464285714286 0.13557214 0.14508928
3 0.04291044776119403 0.05915178571428571 0.0858209 0.118303575
1 0.03171641791044776 0.033482142857142856 0.063432835 0.06696428
1 0.030472636815920398 0.03794642857142857 0.060945272 0.07589286
1 0.03544776119402985 0.016741071428571428 0.07089552 0.03348214
3 0.03855721393034826 0.022321428571428572 0.077114426 0.04464286
3 0.03544776119402985 0.016741071428571428 0.07089552 0.03348214
3 0.0236318407960199 0.0703125 0.047263682 0.140625
3 0.026741293532338308 0.05357142857142857 0.05348259 0.10714286
3 0.03233830845771144 0.06138392857142857 0.06467662 0.12276786
1 0.028606965174129355 0.05357142857142857 0.05721393 0.10714286
3 0.016791044776119403 0.08816964285714286 0.03358209 0.17633928
4 0.05534825870646766 0.04017857142857143 0.11069652 0.08035714
