1 0.014303482587064677 0.08881578947368421 0.028606964 0.17763157
3 0.014303482587064677 0.10526315789473684 0.028606964 0.21052632
1 0.01554726368159204 0.08717105263157894 0.031094527 0.17434211
3 0.05099502487562189 0.10197368421052631 0.10199005 0.20394737
3 0.027985074626865673 0.09375 0.05597015 0.1875
3 0.026741293532338308 0.09046052631578948 0.05348259 0.18092105
3 0.009328358208955223 0.09539473684210527 0.018656716 0.19078948
3 0.01181592039800995 0.11348684210526316 0.023631841 0.22697368
4 0.027985074626865673 0.13322368421052633 0.05597015 0.26644737
1 0.016791044776119403 0.08388157894736842 0.03358209 0.16776316
3 0.007462686567164179 0.09868421052631579 0.014925373 0.19736843
1 0.03233830845771144 0.029605263157894735 0.06467662 0.059210528
3 0.010572139303482588 0.08717105263157894 0.021144278 0.17434211
2 0.020522388059701493 0.21052631578947367 0.041044775 0.42105263
3 0.007462686567164179 0.15460526315789475 0.014925373 0.30921054
3 0.03296019900497513 0.20065789473684212 0.0659204 0.40131578
3 0.016791044776119403 0.11348684210526316 0.03358209 0.22697368
1 0.014925373134328358 0.09375 0.029850746 0.1875
1 0.025497512437810944 0.046052631578947366 0.050995026 0.09210526
1 0.01990049751243781 0.07894736842105263 0.039800994 0.15789473
7 0.046019900497512436 0.1299342105263158 0.0920398 0.2598684
