2 0.03482587064676617 0.24320652173913043 0.06965174 0.48641303
7 0.049129353233830844 0.1480978260869565 0.098258704 0.29619566
1 0.012437810945273632 0.06793478260869565 0.024875622 0.13586956
3 0.014925373134328358 0.09510869565217392 0.029850746 0.19021739
4 0.0472636815920398 0.1453804347826087 0.094527364 0.29076087
1 0.03482587064676617 0.02309782608695652 0.06965174 0.046195652
6 0.05099502487562189 0.05570652173913043 0.10199005 0.11141305
3 0.023009950248756218 0.08559782608695653 0.0460199 0.17119566
3 0.03855721393034826 0.1875 0.077114426 0.375
3 0.01616915422885572 0.10869565217391304 0.03233831 0.2173913
1 0.03482587064676617 0.024456521739130436 0.06965174 0.048913043
3 0.016791044776119403 0.07608695652173914 0.03358209 0.1521739
