1 0.011194029850746268 0.07848837209302326 0.02238806 0.15697674
1 0.012437810945273632 0.07703488372093023 0.024875622 0.15406977
1 0.03482587064676617 0.029069767441860465 0.06965174 0.058139537
3 0.03109452736318408 0.20348837209302326 0.062189054 0.40697673
1 0.013681592039800995 0.07848837209302326 0.027363185 0.15697674
1 0.026741293532338308 0.06831395348837209 0.05348259 0.13662791
3 0.016791044776119403 0.11337209302325581 0.03358209 0.22674419
3 0.013681592039800995 0.10755813953488372 0.027363185 0.21511628
1 0.013059701492537313 0.07848837209302326 0.026119404 0.15697674
1 0.009950248756218905 0.07703488372093023 0.019900497 0.15406977
2 0.036069651741293535 0.22093023255813954 0.0721393 0.44186047
3 0.036069651741293535 0.05813953488372093 0.0721393 0.11627907
3 0.0945273631840796 0.10755813953488372 0.18905473 0.21511628
