1 0.009328358208955223 0.1076923076923077 0.018656716 0.21538462
3 0.011194029850746268 0.10192307692307692 0.02238806 0.20384616
6 0.025497512437810944 0.16346153846153846 0.050995026 0.32692307
1 0.03296019900497513 0.01730769230769231 0.0659204 0.034615386
2 0.026741293532338308 0.3096153846153846 0.05348259 0.61923075
3 0.013681592039800995 0.09807692307692308 0.027363185 0.19615385
3 0.021144278606965175 0.22692307692307692 0.042288557 0.45384616
3 0.03793532338308458 0.032692307692307694 0.07587065 0.06538462
1 0.03482587064676617 0.03076923076923077 0.06965174 0.06153846
1 0.01181592039800995 0.10192307692307692 0.023631841 0.20384616
3 0.013059701492537313 0.1519230769230769 0.026119404 0.30384615
3 0.022388059701492536 0.27692307692307694 0.04477612 0.5538462
1 0.010572139303482588 0.10192307692307692 0.021144278 0.20384616
1 0.010572139303482588 0.10192307692307692 0.021144278 0.20384616
1 0.03793532338308458 0.051923076923076926 0.07587065 0.103846155
1 0.034203980099502485 0.04230769230769231 0.06840796 0.08461539
1 0.01181592039800995 0.10192307692307692 0.023631841 0.20384616
1 0.010572139303482588 0.10576923076923077 0.021144278 0.21153846
