3 0.04833333333333333 0.03535353535353535 0.096666664 0.07070707
3 0.15666666666666668 0.10479797979797979 0.31333333 0.20959596
1 0.016666666666666666 0.056818181818181816 0.033333335 0.11363637
1 0.03 0.056818181818181816 0.06 0.11363637
8 0.08583333333333333 0.09090909090909091 0.17166667 0.18181819
1 0.04416666666666667 0.054292929292929296 0.08833333 0.10858586
8 0.06 0.036616161616161616 0.12 0.07323232
3 0.045 0.03787878787878788 0.09 0.07575758
3 0.13166666666666665 0.1527777777777778 0.26333332 0.30555555
1 0.03 0.047979797979797977 0.06 0.0959596
