7 0.06592039800995025 0.10505319148936171 0.1318408 0.21010639
3 0.04477611940298507 0.027925531914893616 0.08955224 0.055851065
1 0.01990049751243781 0.04920212765957447 0.039800994 0.09840426
3 0.10945273631840796 0.08377659574468085 0.21890548 0.16755319
1 0.011194029850746268 0.07047872340425532 0.02238806 0.14095744
1 0.03109452736318408 0.023936170212765957 0.062189054 0.047872342
1 0.03296019900497513 0.02925531914893617 0.0659204 0.05851064
3 0.041044776119402986 0.03324468085106383 0.08208955 0.06648936
4 0.05472636815920398 0.047872340425531915 0.10945274 0.095744684
1 0.022388059701492536 0.07047872340425532 0.04477612 0.14095744
3 0.03793532338308458 0.041223404255319146 0.07587065 0.082446806
4 0.05721393034825871 0.05319148936170213 0.11442786 0.10638298
2 0.08893034825870647 0.07180851063829788 0.17786069 0.14361702
