3 0.03917910447761194 0.28703703703703703 0.07835821 0.5740741
3 0.013059701492537313 0.09876543209876543 0.026119404 0.19753087
3 0.01616915422885572 0.0941358024691358 0.03233831 0.18827161
1 0.03544776119402985 0.021604938271604937 0.07089552 0.043209877
1 0.034203980099502485 0.033950617283950615 0.06840796 0.06790123
2 0.03793532338308458 0.2330246913580247 0.07587065 0.46604937
4 0.03544776119402985 0.1419753086419753 0.07089552 0.28395063
3 0.01616915422885572 0.1111111111111111 0.03233831 0.22222222
1 0.01616915422885572 0.09259259259259259 0.03233831 0.18518518
1 0.014303482587064677 0.09104938271604938 0.028606964 0.18209876
1 0.011194029850746268 0.09104938271604938 0.02238806 0.18209876
4 0.023009950248756218 0.14814814814814814 0.0460199 0.2962963
