3 0.033582089552238806 0.09134615384615384 0.06716418 0.1826923
1 0.02736318407960199 0.07211538461538461 0.05472637 0.14423077
3 0.009950248756218905 0.10576923076923077 0.019900497 0.21153846
7 0.04664179104477612 0.14743589743589744 0.09328358 0.2948718
1 0.017412935323383085 0.0625 0.03482587 0.125
6 0.04228855721393035 0.13141025641025642 0.08457711 0.2628205
3 0.012437810945273632 0.10897435897435898 0.024875622 0.21794872
3 0.011194029850746268 0.08974358974358974 0.02238806 0.17948718
3 0.043532338308457715 0.28044871794871795 0.087064676 0.5608974
1 0.036069651741293535 0.030448717948717948 0.0721393 0.060897436
