7 0.03669154228855721 0.17307692307692307 0.073383085 0.34615386
4 0.026741293532338308 0.17147435897435898 0.05348259 0.3429487
6 0.024875621890547265 0.14423076923076922 0.049751244 0.28846154
3 0.041044776119402986 0.2916666666666667 0.08208955 0.5833333
1 0.018656716417910446 0.07211538461538461 0.03731343 0.14423077
3 0.01990049751243781 0.09775641025641026 0.039800994 0.19551282
1 0.018656716417910446 0.08814102564102565 0.03731343 0.17628205
1 0.008706467661691543 0.08653846153846154 0.017412934 0.17307693
6 0.024253731343283583 0.1330128205128205 0.048507463 0.26602563
1 0.03482587064676617 0.028846153846153848 0.06965174 0.057692308
3 0.011194029850746268 0.11378205128205128 0.02238806 0.2275641
3 0.03731343283582089 0.019230769230769232 0.07462686 0.03846154
1 0.033582089552238806 0.016025641025641024 0.06716418 0.032051284
2 0.029228855721393034 0.2676282051282051 0.05845771 0.5352564
3 0.009328358208955223 0.09455128205128205 0.018656716 0.18910256
3 0.018034825870646767 0.20192307692307693 0.03606965 0.40384614
