2 0.024968789013732832 0.24024024024024024 0.04993758 0.4804805
3 0.1136079900124844 0.17867867867867868 0.22721598 0.35735735
3 0.016853932584269662 0.0990990990990991 0.033707865 0.1981982
1 0.03495630461922597 0.018018018018018018 0.06991261 0.036036037
1 0.03495630461922597 0.025525525525525526 0.06991261 0.05105105
3 0.02122347066167291 0.0960960960960961 0.04244694 0.1921922
3 0.024968789013732832 0.12462462462462462 0.04993758 0.24924925
3 0.011235955056179775 0.1006006006006006 0.02247191 0.2012012
3 0.03620474406991261 0.03453453453453453 0.07240949 0.06906907
3 0.0749063670411985 0.06456456456456457 0.14981273 0.12912913
3 0.033707865168539325 0.06156156156156156 0.06741573 0.123123124
1 0.02871410736579276 0.052552552552552555 0.057428215 0.1051051
1 0.02184769038701623 0.04804804804804805 0.04369538 0.0960961
