1 0.026741293532338308 0.07865168539325842 0.05348259 0.15730338
4 0.03482587064676617 0.12780898876404495 0.06965174 0.25561798
3 0.024253731343283583 0.10814606741573034 0.048507463 0.21629213
1 0.013059701492537313 0.06320224719101124 0.026119404 0.1264045
1 0.034203980099502485 0.01544943820224719 0.06840796 0.030898876
4 0.024253731343283583 0.1404494382022472 0.048507463 0.28089887
3 0.007462686567164179 0.09410112359550561 0.014925373 0.18820225
2 0.03296019900497513 0.21207865168539325 0.0659204 0.4241573
1 0.024253731343283583 0.0702247191011236 0.048507463 0.14044943
3 0.008706467661691543 0.07584269662921349 0.017412934 0.15168539
3 0.01181592039800995 0.16151685393258428 0.023631841 0.32303372
10 0.01927860696517413 0.0449438202247191 0.038557213 0.08988764
