7 0.03058676654182272 0.12615384615384614 0.061173532 0.25230768
3 0.054307116104868915 0.27384615384615385 0.10861423 0.5476923
3 0.019975031210986267 0.08923076923076922 0.03995006 0.17846154
3 0.02372034956304619 0.13230769230769232 0.0474407 0.2646154
1 0.03245942571785269 0.047692307692307694 0.06491885 0.09538461
3 0.03870162297128589 0.08461538461538462 0.07740325 0.16923077
3 0.03495630461922597 0.2076923076923077 0.06991261 0.41538462
7 0.03058676654182272 0.15846153846153846 0.061173532 0.31692308
3 0.018726591760299626 0.12153846153846154 0.037453182 0.24307692
1 0.008739076154806492 0.07384615384615385 0.017478153 0.14769231
1 0.010611735330836454 0.08307692307692308 0.02122347 0.16615385
