3 0.025593008739076155 0.07763157894736843 0.051186018 0.15526316
3 0.04431960049937578 0.03684210526315789 0.0886392 0.07368421
2 0.060549313358302125 0.19078947368421054 0.12109863 0.38157895
3 0.009987515605493134 0.07894736842105263 0.01997503 0.15789473
1 0.024968789013732832 0.021052631578947368 0.04993758 0.042105265
1 0.035580524344569285 0.035526315789473684 0.07116105 0.07105263
6 0.020599250936329586 0.11842105263157894 0.041198503 0.23684211
3 0.04244694132334582 0.22105263157894736 0.08489388 0.44210526
4 0.03433208489388265 0.15263157894736842 0.06866417 0.30526316
7 0.04057428214731586 0.13026315789473683 0.081148565 0.26052633
3 0.03870162297128589 0.02236842105263158 0.07740325 0.044736844
1 0.03433208489388265 0.02894736842105263 0.06866417 0.057894737
