2 0.07338308457711443 0.061946902654867256 0.14676617 0.123893805
3 0.03793532338308458 0.035398230088495575 0.07587065 0.07079646
4 0.02736318407960199 0.09402654867256637 0.05472637 0.1880531
3 0.11194029850746269 0.08738938053097345 0.2238806 0.17477876
2 0.10199004975124377 0.1161504424778761 0.2039801 0.23230088
3 0.04664179104477612 0.022123893805309734 0.09328358 0.044247787
3 0.04415422885572139 0.02101769911504425 0.08830846 0.042035397
3 0.033582089552238806 0.016592920353982302 0.06716418 0.03318584
1 0.01927860696517413 0.017699115044247787 0.038557213 0.03539823
3 0.03917910447761194 0.030973451327433628 0.07835821 0.061946902
