3 0.03544776119402985 0.04245283018867924 0.07089552 0.08490566
1 0.012437810945273632 0.0625 0.024875622 0.125
2 0.10883084577114428 0.055424528301886794 0.2176617 0.11084906
6 0.024253731343283583 0.11438679245283019 0.048507463 0.22877358
3 0.06343283582089553 0.08726415094339622 0.12686567 0.1745283
3 0.041044776119402986 0.06839622641509434 0.08208955 0.13679245
1 0.007462686567164179 0.054245283018867926 0.014925373 0.108490564
1 0.013681592039800995 0.06132075471698113 0.027363185 0.12264151
4 0.06343283582089553 0.07193396226415094 0.12686567 0.14386792
3 0.043532338308457715 0.060141509433962265 0.087064676 0.12028302
2 0.05037313432835821 0.03537735849056604 0.10074627 0.070754714
