7 0.03745318352059925 0.11290322580645161 0.074906364 0.22580644
1 0.0299625468164794 0.06182795698924731 0.059925094 0.123655915
1 0.02933832709113608 0.06048387096774194 0.058676653 0.12096774
3 0.05867665418227216 0.13440860215053763 0.117353305 0.26881722
3 0.02933832709113608 0.09408602150537634 0.058676653 0.18817204
1 0.03495630461922597 0.025537634408602152 0.06991261 0.05107527
3 0.02184769038701623 0.09274193548387097 0.04369538 0.18548387
1 0.035580524344569285 0.024193548387096774 0.07116105 0.048387095
1 0.024344569288389514 0.05779569892473118 0.04868914 0.1155914
1 0.017478152309612985 0.06586021505376344 0.034956306 0.13172042
3 0.04681647940074907 0.0793010752688172 0.09363296 0.15860215
