3 0.03917910447761194 0.07397959183673469 0.07835821 0.14795919
3 0.04539800995024876 0.03443877551020408 0.09079602 0.06887755
7 0.06716417910447761 0.13520408163265307 0.13432837 0.27040815
3 0.11194029850746269 0.061224489795918366 0.2238806 0.12244898
1 0.01990049751243781 0.07015306122448979 0.039800994 0.14030612
1 0.011194029850746268 0.07142857142857142 0.02238806 0.14285715
2 0.07960199004975124 0.04974489795918367 0.15920398 0.09948979
1 0.01554726368159204 0.06505102040816327 0.031094527 0.13010204
1 0.007462686567164179 0.04081632653061224 0.014925373 0.08163265
3 0.06032338308457712 0.029336734693877552 0.12064677 0.05867347
1 0.03482587064676617 0.05229591836734694 0.06965174 0.10459184
3 0.04788557213930348 0.015306122448979591 0.09577114 0.030612245
