3 0.018034825870646767 0.07954545454545454 0.03606965 0.1590909
3 0.024253731343283583 0.08181818181818182 0.048507463 0.16363636
3 0.013059701492537313 0.06477272727272727 0.026119404 0.12954545
3 0.03855721393034826 0.038636363636363635 0.077114426 0.07727273
3 0.0472636815920398 0.03295454545454545 0.094527364 0.06590909
3 0.07338308457711443 0.21136363636363636 0.14676617 0.4227273
3 0.029228855721393034 0.04772727272727273 0.05845771 0.095454544
4 0.05845771144278607 0.031818181818181815 0.11691542 0.06363636
3 0.060945273631840796 0.10454545454545454 0.121890545 0.2090909
3 0.10261194029850747 0.09090909090909091 0.20522387 0.18181819
