10 0.013681592039800995 0.047661870503597124 0.027363185 0.09532374
2 0.033582089552238806 0.10431654676258993 0.06716418 0.2086331
10 0.026741293532338308 0.04136690647482014 0.05348259 0.08273381
6 0.05223880597014925 0.06294964028776978 0.104477614 0.12589929
2 0.05721393034825871 0.07014388489208633 0.11442786 0.14028777
10 0.025497512437810944 0.040467625899280574 0.050995026 0.080935255
6 0.05161691542288557 0.06744604316546762 0.10323383 0.13489209
2 0.05286069651741294 0.05665467625899281 0.10572139 0.11330935
10 0.028606965174129355 0.02068345323741007 0.05721393 0.041366905
10 0.026119402985074626 0.03327338129496403 0.052238807 0.06654676
10 0.01990049751243781 0.02068345323741007 0.039800994 0.041366905
2 0.08022388059701492 0.11061151079136691 0.16044776 0.22122303
