1 0.026119402985074626 0.07530120481927711 0.052238807 0.15060242
1 0.00808457711442786 0.07530120481927711 0.016169155 0.15060242
2 0.07711442786069651 0.05572289156626506 0.15422885 0.111445785
3 0.03855721393034826 0.024096385542168676 0.077114426 0.04819277
3 0.03731343283582089 0.05120481927710843 0.07462686 0.10240964
3 0.05907960199004975 0.03463855421686747 0.118159205 0.06927711
3 0.01990049751243781 0.09186746987951808 0.039800994 0.18373494
1 0.018656716417910446 0.0783132530120482 0.03731343 0.15662651
1 0.01990049751243781 0.07379518072289157 0.039800994 0.14759035
3 0.06840796019900497 0.07530120481927711 0.13681592 0.15060242
3 0.03855721393034826 0.03463855421686747 0.077114426 0.06927711
4 0.024253731343283583 0.12650602409638553 0.048507463 0.25301206
3 0.00808457711442786 0.10090361445783133 0.016169155 0.20180723
3 0.022388059701492536 0.0783132530120482 0.04477612 0.15662651
