3 0.024253731343283583 0.2183734939759036 0.048507463 0.43674698
3 0.01554726368159204 0.10391566265060241 0.031094527 0.20783132
7 0.026119402985074626 0.14457831325301204 0.052238807 0.28915662
1 0.036069651741293535 0.02710843373493976 0.0721393 0.05421687
3 0.025497512437810944 0.10843373493975904 0.050995026 0.21686748
1 0.030472636815920398 0.05271084337349398 0.060945272 0.105421685
3 0.01181592039800995 0.08885542168674698 0.023631841 0.17771085
2 0.029850746268656716 0.18373493975903615 0.05970149 0.36746988
3 0.00808457711442786 0.10240963855421686 0.016169155 0.20481928
1 0.014303482587064677 0.0858433734939759 0.028606964 0.17168675
3 0.014303482587064677 0.10391566265060241 0.028606964 0.20783132
1 0.013681592039800995 0.0858433734939759 0.027363185 0.17168675
3 0.03855721393034826 0.045180722891566265 0.077114426 0.090361446
3 0.06840796019900497 0.10090361445783133 0.13681592 0.20180723
4 0.029228855721393034 0.14156626506024098 0.05845771 0.28313252
3 0.026119402985074626 0.08433734939759036 0.052238807 0.16867469
3 0.01181592039800995 0.09337349397590361 0.023631841 0.18674698
