1 0.013108614232209739 0.06521739130434782 0.026217228 0.13043478
4 0.05867665418227216 0.043478260869565216 0.117353305 0.08695652
3 0.048064918851435705 0.03775743707093822 0.096129835 0.075514875
1 0.033707865168539325 0.014874141876430207 0.06741573 0.029748283
1 0.033083645443196 0.017162471395881007 0.06616729 0.034324944
3 0.04369538077403246 0.02631578947368421 0.08739076 0.05263158
2 0.09051186017478152 0.05606407322654462 0.18102372 0.112128146
1 0.016853932584269662 0.06064073226544622 0.033707865 0.12128147
6 0.04244694132334582 0.10526315789473684 0.08489388 0.21052632
4 0.026841448189762796 0.14187643020594964 0.053682897 0.28375286
1 0.02122347066167291 0.06407322654462243 0.04244694 0.12814645
1 0.02184769038701623 0.06521739130434782 0.04369538 0.13043478
7 0.07240948813982521 0.09725400457665904 0.14481898 0.19450802
3 0.07553058676654183 0.07551487414187644 0.15106118 0.15102975
1 0.010611735330836454 0.06521739130434782 0.02122347 0.13043478
2 0.11235955056179775 0.10640732265446225 0.2247191 0.21281464
