3 0.033582089552238806 0.04673913043478261 0.06716418 0.09347826
3 0.0740049751243781 0.03804347826086957 0.14800996 0.07608695
2 0.11007462686567164 0.08260869565217391 0.22014925 0.16521738
3 0.03980099502487562 0.025 0.07960199 0.05
3 0.08146766169154229 0.029347826086956522 0.16293532 0.05869565
2 0.07462686567164178 0.15869565217391304 0.14925373 0.3173913
1 0.033582089552238806 0.035869565217391305 0.06716418 0.07173913
3 0.033582089552238806 0.058695652173913045 0.06716418 0.1173913
1 0.027985074626865673 0.042391304347826085 0.05597015 0.08478261
1 0.01181592039800995 0.04891304347826087 0.023631841 0.097826086
