3 0.014925373134328358 0.10304054054054054 0.029850746 0.20608108
3 0.03917910447761194 0.0472972972972973 0.07835821 0.0945946
3 0.0740049751243781 0.05912162162162162 0.14800996 0.11824324
3 0.014303482587064677 0.1097972972972973 0.028606964 0.2195946
3 0.03917910447761194 0.04560810810810811 0.07835821 0.091216214
1 0.03233830845771144 0.04391891891891892 0.06467662 0.08783784
1 0.03296019900497513 0.04054054054054054 0.0659204 0.08108108
3 0.03855721393034826 0.08783783783783784 0.077114426 0.17567568
1 0.029228855721393034 0.07094594594594594 0.05845771 0.1418919
1 0.028606965174129355 0.07432432432432433 0.05721393 0.14864865
7 0.03855721393034826 0.1554054054054054 0.077114426 0.3108108
3 0.017412935323383085 0.11317567567567567 0.03482587 0.22635135
3 0.013059701492537313 0.12331081081081081 0.026119404 0.24662162
