3 0.026741293532338308 0.07716049382716049 0.05348259 0.15432099
1 0.024253731343283583 0.08333333333333333 0.048507463 0.16666667
1 0.0236318407960199 0.04938271604938271 0.047263682 0.09876543
1 0.014925373134328358 0.08333333333333333 0.029850746 0.16666667
8 0.053482587064676616 0.08796296296296297 0.10696518 0.17592593
3 0.09079601990049752 0.2515432098765432 0.18159205 0.50308645
8 0.043532338308457715 0.12345679012345678 0.087064676 0.24691358
3 0.09763681592039801 0.24845679012345678 0.19527364 0.49691358
3 0.03109452736318408 0.05555555555555555 0.062189054 0.11111111
1 0.02736318407960199 0.037037037037037035 0.05472637 0.074074075
1 0.025497512437810944 0.07716049382716049 0.050995026 0.15432099
