3 0.024253731343283583 0.0739247311827957 0.048507463 0.14784946
7 0.043532338308457715 0.12903225806451613 0.087064676 0.2580645
6 0.03296019900497513 0.12365591397849462 0.0659204 0.24731183
3 0.03544776119402985 0.22580645161290322 0.07089552 0.4516129
1 0.028606965174129355 0.06586021505376344 0.05721393 0.13172042
3 0.029228855721393034 0.07258064516129033 0.05845771 0.14516129
1 0.027985074626865673 0.05913978494623656 0.05597015 0.11827957
7 0.07151741293532338 0.0913978494623656 0.14303483 0.1827957
3 0.03917910447761194 0.030913978494623656 0.07835821 0.061827958
1 0.029850746268656716 0.0228494623655914 0.05970149 0.045698926
