8 0.04975124378109453 0.0625 0.09950249 0.125
1 0.009950248756218905 0.0537109375 0.019900497 0.107421875
8 0.049129353233830844 0.0810546875 0.098258704 0.16210938
3 0.03669154228855721 0.021484375 0.073383085 0.04296875
8 0.041666666666666664 0.08203125 0.083333336 0.1640625
3 0.03917910447761194 0.0263671875 0.07835821 0.052734375
1 0.029228855721393034 0.03515625 0.05845771 0.0703125
3 0.06032338308457712 0.0908203125 0.12064677 0.18164062
1 0.036069651741293535 0.017578125 0.0721393 0.03515625
1 0.02736318407960199 0.0478515625 0.05472637 0.095703125
