3 0.041044776119402986 0.04247572815533981 0.08208955 0.08495145
8 0.05161691542288557 0.07888349514563107 0.10323383 0.15776698
3 0.010572139303482588 0.08009708737864078 0.021144278 0.16019417
1 0.009950248756218905 0.050970873786407765 0.019900497 0.10194175
1 0.009328358208955223 0.05825242718446602 0.018656716 0.116504855
3 0.08333333333333333 0.061893203883495146 0.16666667 0.123786405
1 0.01927860696517413 0.04733009708737864 0.038557213 0.09466019
1 0.01616915422885572 0.04854368932038835 0.03233831 0.097087376
8 0.04975124378109453 0.11165048543689321 0.09950249 0.22330096
8 0.029850746268656716 0.09101941747572816 0.05970149 0.18203883
