2 0.26887871853546913 0.10048426150121065 0.53775746 0.20096852
2 0.19908466819221968 0.211864406779661 0.39816934 0.42372882
2 0.2139588100686499 0.08958837772397095 0.42791763 0.17917676
2 0.2997711670480549 0.10653753026634383 0.5995423 0.21307506
3 0.2963386727688787 0.0423728813559322 0.59267735 0.084745765
3 0.05606407322654462 0.14285714285714285 0.112128146 0.2857143
3 0.16704805491990846 0.053268765133171914 0.3340961 0.10653753
3 0.13501144164759726 0.09443099273607748 0.27002287 0.18886198
3 0.2997711670480549 0.0423728813559322 0.5995423 0.084745765
3 0.17505720823798626 0.05205811138014528 0.3501144 0.104116224
2 0.2459954233409611 0.162227602905569 0.49199083 0.3244552
2 0.15102974828375287 0.2106537530266344 0.3020595 0.4213075
2 0.2379862700228833 0.18159806295399517 0.47597253 0.36319613
2 0.2551487414187643 0.09564164648910412 0.5102975 0.19128329
3 0.14645308924485126 0.15012106537530268 0.29290617 0.30024213
3 0.15446224256292906 0.04600484261501211 0.3089245 0.092009686
2 0.14187643020594964 0.21670702179176757 0.28375286 0.43341404
2 0.2139588100686499 0.07869249394673124 0.42791763 0.15738499
