3 0.10756802721088435 0.10137795275590551 0.21513605 0.2027559
3 0.07397959183673469 0.03543307086614173 0.14795919 0.070866145
2 0.0897108843537415 0.06594488188976377 0.17942177 0.13188976
4 0.023809523809523808 0.04133858267716536 0.04761905 0.08267716
2 0.01870748299319728 0.13484251968503938 0.037414964 0.26968503
2 0.02040816326530612 0.11318897637795275 0.040816326 0.22637795
7 0.02891156462585034 0.10236220472440945 0.05782313 0.20472442
1 0.011904761904761904 0.060039370078740155 0.023809524 0.12007874
1 0.02040816326530612 0.05216535433070866 0.040816326 0.10433071
2 0.07397959183673469 0.11023622047244094 0.14795919 0.22047244
3 0.017857142857142856 0.1437007874015748 0.035714287 0.2874016
3 0.012755102040816327 0.07283464566929133 0.025510205 0.1456693
1 0.03018707482993197 0.023622047244094488 0.06037415 0.047244094
